acc = 0.47500310135218954
Confusion matrix, without normalization
[[6329  332    0 2541]
 [2124  941    0 2312]
 [2325   32    0  905]
 [1845  280    0 4217]]

Normalized confusion matrix
[[0.69 0.04 0.   0.28]
 [0.4  0.18 0.   0.43]
 [0.71 0.01 0.   0.28]
 [0.29 0.04 0.   0.66]]
